16:57:14 April 10, 2024 40701:      0     0     0     0     0     0     0   117   116   118   106     0     0     0     0     0     0     1     0
16:57:15 April 10, 2024 40701:      0     0     0     0     0     0     0   117   116   118   106     0     0     0     0     0     0     1     0
16:57:16 April 10, 2024 40701:      0     0     0     0     0     0     0   117   116   118   106     0     0     0     0     0     0     1     0
16:57:17 April 10, 2024 40701:      0     0     0     0     0     0     0   117   116   118   106     0     0     0     0     0     0     1     0
16:57:18 April 10, 2024 40701:      0     0     0     0     0     0     0   117   116   118   106     0     0     0     0     0     0     1     0
16:57:19 April 10, 2024 40701:      0     0     0     0     0     0     0   117   116   118   106     0     0     0     0     0     0     1     0
16:57:20 April 10, 2024 40701:      0     0     0     0     0     0     0   117   116   118   106     0     0     0     0     0     0     1     0
16:57:21 April 10, 2024 40701:      0     0     0     0     0     0     0   117   116   118   106     0     0     0     0     0     0     1     0
16:57:22 April 10, 2024 40701:      0     0     0     0     0     0     0   117   116   118   106     0     0     0     0     0     0     1     0
16:57:23 April 10, 2024 40701:      0     0     0     0     0     0     0   117   116   118   106     0     0     0     0     0     0     1     0
16:57:24 April 10, 2024 40701:      0     0     0     0     0     0     0   117   116   118   106     0     0     0     0     0     0     1     0
16:57:25 April 10, 2024 40701:      0     0     0     0     0     0     0   117   116   118   106     0     0     0     0     0     0     1     0
16:57:26 April 10, 2024 40701:      0     0     0     0     0     0     0   117   116   118   106     0     0     0     0     0     0     1     0
16:57:27 April 10, 2024 40701:      0     0     0     0     0     0     0   117   116   118   106     0     0     0     0     0     0     1     0
16:57:28 April 10, 2024 40701:      0     0     0     0     0     0     0   117   116   118   106     0     0     0     0     0     0     1     0
16:57:29 April 10, 2024 40701:      0     0     0     0     0     0     0   117   116   118   106     0     0     0     0     0     0     1     0
16:57:30 April 10, 2024 40701:      0     0     0     0     0     0     0   117   116   118   106     0     0     0     0     0     0     1     0
16:57:31 April 10, 2024 40701:      0     0     0     0     0     0     0   117   116   118   106     0     0     0     0     0     0     1     0
16:57:32 April 10, 2024 40701:      0     0     0     0     0     0     0   117   116   118   106     0     0     0     0     0     0     1     0
16:57:33 April 10, 2024 40701:      0     0     0     0     0     0     0   117   116   118   106     0     0     0     0     0     0     1     0
16:57:34 April 10, 2024 40701:      0     0     0     0     0     0     0   117   116   118   106     0     0     0     0     0     0     1     0
16:57:35 April 10, 2024 40701:      0     0     0     0     0     0     0   117   116   118   106     0     0     0     0     0     0     1     0
16:57:36 April 10, 2024 40701:      0     0     0     0     0     0     0   117   116   118   106     0     0     0     0     0     0     1     0
16:57:37 April 10, 2024 40701:      0     0     0     0     0     0     0   117   116   118   106     0     0     0     0     0     0     1     0
16:57:38 April 10, 2024 40701:      0     0     0     0     0     0     0   117   116   118   106     0     0     0     0     0     0     1     0
16:57:39 April 10, 2024 40701:      0     0     0     0     0     0     0   117   116   118   106     0     0     0     0     0     0     1     0
16:57:40 April 10, 2024 40701:      0     0     0     0     0     0     0   117   116   118   106     0     0     0     0     0     0     1     0
16:57:41 April 10, 2024 40701:      0     0     0     0     0     0     0   117   116   118   106     0     0     0     0     0     0     1     0
16:57:42 April 10, 2024 40701:      0     0     0     0     0     0     0   117   116   118   106     0     0     0     0     0     0     1     0
16:57:43 April 10, 2024 40701:      0     0     0     0     0     0     0   117   116   118   106     0     0     0     0     0     0     1     0
16:57:44 April 10, 2024 40701:      0     0     0     0     0     0     0   117   116   118   106     0     0     0     0     0     0     1     0
16:57:45 April 10, 2024 40701:      0     0     0     0     0     0     0   117   116   118   106     0     0     0     0     0     0     1     0
16:57:46 April 10, 2024 40701:      0     0     0     0     0     0     0   117   116   118   106     0     0     0     0     0     0     1     0
16:57:47 April 10, 2024 40701:      0     0     0     0     0     0     0   117   116   118   106     0     0     0     0     0     0     1     0
16:57:48 April 10, 2024 40701:      0     0     0     0     0     0     0   117   116   118   106     0     0     0     0     0     0     1     0
16:57:49 April 10, 2024 40701:      0     0     0     0     0     0     0   117   116   118   106     0     0     0     0     0     0     1     0
16:57:50 April 10, 2024 40701:      0     0     0     0     0     0     0   117   116   118   106     0     0     0     0     0     0     1     0
16:57:51 April 10, 2024 40701:      0     0     0     0     0     0     0   117   116   118   106     0     0     0     0     0     0     1     0
16:57:52 April 10, 2024 40701:      0     0     0     0     0     0     0   117   116   118   106     0     0     0     0     0     0     1     0
16:57:53 April 10, 2024 40701:      0     0     0     0     0     0     0   117   116   118   106     0     0     0     0     0     0     1     0
16:57:54 April 10, 2024 40701:      0     0     0     0     0     0     0   117   116   118   106     0     0     0     0     0     0     1     0
16:57:55 April 10, 2024 40701:      0     0     0     0     0     0     0   117   116   118   106     0     0     0     0     0     0     1     0
16:57:56 April 10, 2024 40701:      0     0     0     0     0     0     0   117   116   118   106     0     0     0     0     0     0     1     0
16:57:57 April 10, 2024 40701:      0     0     0     0     0     0     0   117   116   118   106     0     0     0     0     0     0     1     0
16:57:58 April 10, 2024 40701:      0     0     0     0     0     0     0   117   116   118   106     0     0     0     0     0     0     1     0
16:57:59 April 10, 2024 40701:      0     0     0     0     0     0     0   117   116   118   106     0     0     0     0     0     0     1     0
16:58:00 April 10, 2024 40701:      0     0     0     0     0     0     0   117   116   118   106     0     0     0     0     0     0     1     0
16:58:01 April 10, 2024 40701:      0     0     0     0     0     0     0   117   116   118   106     0     0     0     0     0     0     1     0
16:58:02 April 10, 2024 40701:      0     0     0     0     0     0     0   117   116   118   106     0     0     0     0     0     0     1     0
16:58:03 April 10, 2024 40701:      0     0     0     0     0     0     0   117   116   118   106     0     0     0     0     0     0     1     0
16:58:04 April 10, 2024 40701:      0     0     0     0     0     0     0   117   116   118   106     0     0     0     0     0     0     1     0
16:58:05 April 10, 2024 40701:      0     0     0     0     0     0     0   117   116   118   106     0     0     0     0     0     0     1     0
16:58:06 April 10, 2024 40701:      0     0     0     0     0     0     0   117   116   118   106     0     0     0     0     0     0     1     0
16:58:07 April 10, 2024 40701:      0     0     0     0     0     0     0   117   116   118   106     0     0     0     0     0     0     1     0
16:58:08 April 10, 2024 40701:      0     0     0     0     0     0     0   117   116   118   106     0     0     0     0     0     0     1     0
