20:55:16 April 11, 2024 40701: 122.3 578.9 318.7 495.6 100.3 51.1 53.4 65.0 55.0 55.0 23.0 107.1 107.3 98.5 100.1 98.9 100.2 0 0
20:55:17 April 11, 2024 40701: 122.3 578.9 318.7 495.6 100.3 53.2 53.4 65.0 55.0 55.0 23.0 93.3 97.2 118.9 100.1 98.9 100.2 0 0
20:55:18 April 11, 2024 40701: 121.3 563.6 318.7 495.6 101.8 54.6 48.3 65.0 55.0 55.0 23.0 108.6 97.1 121.5 100.1 98.9 100.2 0 0
20:55:19 April 11, 2024 40701: 121.3 563.6 318.7 495.6 101.8 48.6 48.3 65.0 55.0 55.0 23.0 93.6 103.3 116.9 100.1 98.9 100.2 0 0
20:55:20 April 11, 2024 40701: 121.9 615.2 338.4 496.0 96.8 52.2 48.3 65.0 55.0 55.0 23.0 90.2 98.7 113.2 100.1 98.9 100.2 0 0
20:55:21 April 11, 2024 40701: 121.9 615.2 338.4 496.0 96.8 47.4 55.2 65.0 55.0 55.0 23.0 95.7 91.7 111.4 100.1 98.9 100.2 0 0
20:55:22 April 11, 2024 40701: 117.1 574.8 338.4 496.0 98.2 53.5 55.2 65.0 55.0 55.0 23.0 100.0 101.6 119.3 100.1 98.9 100.2 0 0
20:55:23 April 11, 2024 40701: 117.1 574.8 338.4 496.0 98.2 50.5 55.2 65.0 55.0 55.0 23.0 100.8 101.2 106.6 100.1 98.9 100.2 0 0
20:55:24 April 11, 2024 40701: 122.6 562.6 338.4 496.0 96.1 46.4 55.6 65.0 55.0 55.0 23.0 90.5 101.6 99.9 100.1 98.9 100.2 0 0
20:55:25 April 11, 2024 40701: 122.6 562.6 338.4 496.0 96.1 50.2 55.6 65.0 55.0 55.0 23.0 93.2 108.5 104.9 100.1 98.9 100.2 0 0
20:55:26 April 11, 2024 40701: 116.5 631.1 338.4 496.0 95.7 48.9 55.6 65.0 55.0 55.0 23.0 107.2 102.2 116.1 100.1 98.9 100.2 0 0
20:55:27 April 11, 2024 40701: 116.5 631.1 338.4 496.0 95.7 48.9 49.4 65.0 55.0 55.0 23.0 109.8 109.3 100.4 100.1 98.9 100.2 0 0
20:55:28 April 11, 2024 40701: 126.5 628.8 338.4 496.0 96.1 49.1 49.4 65.0 55.0 55.0 23.0 96.2 100.0 122.4 100.1 98.9 100.2 0 0
20:55:29 April 11, 2024 40701: 126.5 628.8 338.4 496.0 96.1 54.3 49.4 65.0 55.0 55.0 23.0 107.0 106.7 111.9 100.1 98.9 100.2 0 0
20:55:30 April 11, 2024 40701: 128.2 611.2 297.6 468.7 102.8 46.4 51.5 65.0 55.0 55.0 23.0 96.5 93.8 105.3 100.1 98.9 100.2 0 0
20:55:31 April 11, 2024 40701: 128.2 611.2 297.6 468.7 102.8 46.9 51.5 65.0 55.0 55.0 23.0 91.6 92.1 118.1 100.1 98.9 100.2 0 0
20:55:32 April 11, 2024 40701: 112.4 629.4 297.6 468.7 100.4 45.7 51.5 65.0 55.0 55.0 23.0 94.8 94.8 120.7 100.1 98.9 100.2 0 0
20:55:33 April 11, 2024 40701: 112.4 629.4 297.6 468.7 100.4 45.3 51.2 65.0 55.0 55.0 23.0 109.0 101.1 110.5 100.1 98.9 100.2 0 0
20:55:34 April 11, 2024 40701: 110.2 561.6 297.6 468.7 99.9 47.7 51.2 65.0 55.0 55.0 23.0 91.8 96.2 107.4 100.1 98.9 100.2 0 0
20:55:35 April 11, 2024 40701: 110.2 561.6 297.6 468.7 99.9 51.1 51.2 65.0 55.0 55.0 23.0 94.9 92.2 95.8 100.1 98.9 100.2 0 0
20:55:36 April 11, 2024 40701: 117.3 569.0 297.6 468.7 104.6 53.2 51.9 65.0 55.0 55.0 23.0 106.4 99.3 118.4 100.1 98.9 100.2 0 0
20:55:37 April 11, 2024 40701: 117.3 569.0 297.6 468.7 104.6 50.8 51.9 65.0 55.0 55.0 23.0 94.4 94.1 109.6 100.1 98.9 100.2 0 0
20:55:38 April 11, 2024 40701: 127.1 623.1 297.6 468.7 95.5 46.1 51.9 65.0 55.0 55.0 23.0 95.5 92.3 109.4 100.1 98.9 100.2 0 0
20:55:39 April 11, 2024 40701: 127.1 623.1 297.6 468.7 95.5 45.9 52.6 65.0 55.0 55.0 23.0 107.6 103.6 95.6 100.1 98.9 100.2 0 0
20:55:40 April 11, 2024 40701: 113.2 563.0 347.1 495.9 100.7 46.7 52.6 65.0 55.0 55.0 23.0 94.3 101.7 96.5 100.1 98.9 100.2 0 0
20:55:41 April 11, 2024 40701: 113.2 563.0 347.1 495.9 100.7 50.1 52.6 65.0 55.0 55.0 23.0 91.3 97.3 121.4 100.1 98.9 100.2 0 0
20:55:42 April 11, 2024 40701: 110.9 617.8 347.1 495.9 97.2 50.9 48.1 65.0 55.0 55.0 23.0 105.0 109.4 116.3 100.1 98.9 100.2 0 0
20:55:43 April 11, 2024 40701: 110.9 617.8 347.1 495.9 97.2 48.4 48.1 65.0 55.0 55.0 23.0 103.0 103.4 106.5 100.1 98.9 100.2 0 0
20:55:44 April 11, 2024 40701: 117.4 586.1 347.1 495.9 95.9 49.3 48.1 65.0 55.0 55.0 23.0 94.9 100.4 99.5 100.1 98.9 100.2 0 0
20:55:45 April 11, 2024 40701: 117.4 586.1 347.1 495.9 95.9 49.5 50.8 65.0 55.0 55.0 23.0 101.4 92.5 120.1 100.1 98.9 100.2 0 0
20:55:46 April 11, 2024 40701: 117.5 579.8 347.1 495.9 104.0 48.9 50.8 65.0 55.0 55.0 23.0 99.4 90.6 119.1 100.1 98.9 100.2 0 0
20:55:47 April 11, 2024 40701: 117.5 579.8 347.1 495.9 104.0 46.2 50.8 65.0 55.0 55.0 23.0 97.5 107.1 111.4 100.1 98.9 100.2 0 0
20:55:48 April 11, 2024 40701: 121.2 638.4 347.1 495.9 104.4 54.5 51.9 65.0 55.0 55.0 23.0 106.6 106.5 103.2 100.1 98.9 100.2 0 0
20:55:49 April 11, 2024 40701: 121.2 638.4 347.1 495.9 104.4 52.2 51.9 65.0 55.0 55.0 23.0 95.1 95.4 105.0 100.1 98.9 100.2 0 0
20:55:50 April 11, 2024 40701: 111.6 571.6 291.9 473.5 98.2 49.5 51.9 65.0 55.0 55.0 23.0 92.0 94.2 102.9 100.1 98.9 100.2 0 0
20:55:51 April 11, 2024 40701: 111.6 571.6 291.9 473.5 98.2 53.8 55.5 65.0 55.0 55.0 23.0 94.7 104.1 98.3 100.1 98.9 100.2 0 0
20:55:52 April 11, 2024 40701: 121.1 590.3 291.9 473.5 99.1 45.4 55.5 65.0 55.0 55.0 23.0 107.1 106.2 117.8 100.1 98.9 100.2 0 0
20:55:53 April 11, 2024 40701: 121.1 590.3 291.9 473.5 99.1 54.8 55.5 65.0 55.0 55.0 23.0 104.0 91.5 119.0 100.1 98.9 100.2 0 0
20:55:54 April 11, 2024 40701: 126.0 622.8 291.9 473.5 98.0 49.4 56.2 65.0 55.0 55.0 23.0 105.1 99.5 117.2 100.1 98.9 100.2 0 0
20:55:55 April 11, 2024 40701: 126.0 622.8 291.9 473.5 98.0 54.0 56.2 65.0 55.0 55.0 23.0 100.0 106.4 113.3 100.1 98.9 100.2 0 0
20:55:56 April 11, 2024 40701: 126.3 630.6 291.9 473.5 98.8 49.3 56.2 65.0 55.0 55.0 23.0 94.9 105.7 112.6 100.1 98.9 100.2 0 0
20:55:57 April 11, 2024 40701: 126.3 630.6 291.9 473.5 98.8 46.4 51.7 65.0 55.0 55.0 23.0 108.1 90.3 114.9 100.1 98.9 100.2 0 0
20:55:58 April 11, 2024 40701: 120.0 594.5 291.9 473.5 98.2 51.9 51.7 65.0 55.0 55.0 23.0 98.1 103.4 113.7 100.1 98.9 100.2 0 0
20:55:59 April 11, 2024 40701: 120.0 594.5 291.9 473.5 98.2 51.5 51.7 65.0 55.0 55.0 23.0 90.4 98.0 122.9 100.1 98.9 100.2 0 0
20:56:00 April 11, 2024 40701: 116.8 620.9 346.2 494.8 104.7 47.6 47.6 65.0 55.0 55.0 23.0 108.5 109.7 96.9 100.1 98.9 100.2 0 0
20:56:01 April 11, 2024 40701: 116.8 620.9 346.2 494.8 104.7 51.2 47.6 65.0 55.0 55.0 23.0 99.8 100.9 95.5 100.1 98.9 100.2 0 0
20:56:02 April 11, 2024 40701: 112.4 628.5 346.2 494.8 97.0 53.1 47.6 65.0 55.0 55.0 23.0 96.7 107.7 111.0 100.1 98.9 100.2 0 0
20:56:03 April 11, 2024 40701: 112.4 628.5 346.2 494.8 97.0 50.3 55.9 65.0 55.0 55.0 23.0 103.3 100.4 108.1 100.1 98.9 100.2 0 0
20:56:04 April 11, 2024 40701: 114.7 628.6 346.2 494.8 102.9 45.6 55.9 65.0 55.0 55.0 23.0 90.5 92.6 109.2 100.1 98.9 100.2 0 0
20:56:05 April 11, 2024 40701: 114.7 628.6 346.2 494.8 102.9 48.2 55.9 65.0 55.0 55.0 23.0 101.1 105.2 100.2 100.1 98.9 100.2 0 0
20:56:06 April 11, 2024 40701: 122.3 616.5 346.2 494.8 102.8 53.8 53.8 65.0 55.0 55.0 23.0 105.8 103.9 107.5 100.1 98.9 100.2 0 0
20:56:07 April 11, 2024 40701: 122.3 616.5 346.2 494.8 102.8 45.1 53.8 65.0 55.0 55.0 23.0 94.7 91.9 109.3 100.1 98.9 100.2 0 0
20:56:08 April 11, 2024 40701: 120.1 572.1 346.2 494.8 101.4 50.5 53.8 65.0 55.0 55.0 23.0 96.1 91.0 100.2 100.1 98.9 100.2 0 0
20:56:09 April 11, 2024 40701: 120.1 572.1 346.2 494.8 101.4 50.8 48.3 65.0 55.0 55.0 23.0 99.6 92.5 121.9 100.1 98.9 100.2 0 0
20:56:10 April 11, 2024 40701: 124.9 578.5 287.8 483.4 96.8 53.2 48.3 65.0 55.0 55.0 23.0 102.9 94.7 97.2 100.1 98.9 100.2 0 0
20:56:11 April 11, 2024 40701: 124.9 578.5 287.8 483.4 96.8 54.4 48.3 65.0 55.0 55.0 23.0 109.4 104.4 95.1 100.1 98.9 100.2 0 0
20:56:12 April 11, 2024 40701: 111.4 580.9 287.8 483.4 104.1 54.3 50.2 65.0 55.0 55.0 23.0 96.6 91.9 95.0 100.1 98.9 100.2 0 0
20:56:13 April 11, 2024 40701: 111.4 580.9 287.8 483.4 104.1 50.7 50.2 65.0 55.0 55.0 23.0 109.5 94.6 117.3 100.1 98.9 100.2 0 0
20:56:14 April 11, 2024 40701: 121.9 608.6 287.8 483.4 103.4 49.8 50.2 65.0 55.0 55.0 23.0 106.8 107.6 115.0 100.1 98.9 100.2 0 0
20:56:15 April 11, 2024 40701: 121.9 608.6 287.8 483.4 103.4 50.3 54.7 65.0 55.0 55.0 23.0 100.2 94.9 98.3 100.1 98.9 100.2 0 0
20:56:16 April 11, 2024 40701: 128.7 618.7 287.8 483.4 102.7 47.6 54.7 65.0 55.0 55.0 23.0 101.9 97.9 105.0 100.1 98.9 100.2 0 0
20:56:17 April 11, 2024 40701: 128.7 618.7 287.8 483.4 102.7 47.5 54.7 65.0 55.0 55.0 23.0 105.8 92.8 100.6 100.1 98.9 100.2 0 0
20:56:18 April 11, 2024 40701: 124.1 617.0 287.8 483.4 95.3 47.4 55.3 65.0 55.0 55.0 23.0 106.5 109.6 121.2 100.1 98.9 100.2 0 0
20:56:19 April 11, 2024 40701: 124.1 617.0 287.8 483.4 95.3 54.3 55.3 65.0 55.0 55.0 23.0 92.8 109.5 98.2 100.1 98.9 100.2 0 0
20:56:20 April 11, 2024 40701: 126.2 625.5 293.8 493.0 97.3 50.8 55.3 65.0 55.0 55.0 23.0 95.7 105.0 115.2 100.1 98.9 100.2 0 0
20:56:21 April 11, 2024 40701: 126.2 625.5 293.8 493.0 97.3 47.0 53.6 65.0 55.0 55.0 23.0 91.5 94.7 121.5 100.1 98.9 100.2 0 0
20:56:22 April 11, 2024 40701: 117.9 597.5 293.8 493.0 95.2 54.8 53.6 65.0 55.0 55.0 23.0 96.8 103.6 116.2 100.1 98.9 100.2 0 0
20:56:23 April 11, 2024 40701: 117.9 597.5 293.8 493.0 95.2 49.6 53.6 65.0 55.0 55.0 23.0 99.4 106.4 102.5 100.1 98.9 100.2 0 0
20:56:24 April 11, 2024 40701: 126.2 621.8 293.8 493.0 104.5 49.9 50.9 65.0 55.0 55.0 23.0 95.1 91.8 104.7 100.1 98.9 100.2 0 0
20:56:25 April 11, 2024 40701: 126.2 621.8 293.8 493.0 104.5 47.0 50.9 65.0 55.0 55.0 23.0 94.2 109.9 106.3 100.1 98.9 100.2 0 0
20:56:26 April 11, 2024 40701: 125.2 627.7 293.8 493.0 100.8 51.5 50.9 65.0 55.0 55.0 23.0 90.4 107.1 99.4 100.1 98.9 100.2 0 0
20:56:27 April 11, 2024 40701: 125.2 627.7 293.8 493.0 100.8 49.9 49.1 65.0 55.0 55.0 23.0 101.5 106.5 96.0 100.1 98.9 100.2 0 0
20:56:28 April 11, 2024 40701: 124.5 575.3 293.8 493.0 103.3 50.9 49.1 65.0 55.0 55.0 23.0 92.5 103.8 116.0 100.1 98.9 100.2 0 0
20:56:29 April 11, 2024 40701: 124.5 575.3 293.8 493.0 103.3 52.1 49.1 65.0 55.0 55.0 23.0 108.5 106.9 121.1 100.1 98.9 100.2 0 0
20:56:30 April 11, 2024 40701: 114.0 614.0 314.3 488.3 102.8 48.4 50.9 65.0 55.0 55.0 23.0 106.2 108.6 102.7 100.1 98.9 100.2 0 0
20:56:31 April 11, 2024 40701: 114.0 614.0 314.3 488.3 102.8 52.4 50.9 65.0 55.0 55.0 23.0 98.7 96.3 112.9 100.1 98.9 100.2 0 0
20:56:32 April 11, 2024 40701: 116.5 564.6 314.3 488.3 96.6 54.9 50.9 65.0 55.0 55.0 23.0 109.4 102.2 97.3 100.1 98.9 100.2 0 0
20:56:33 April 11, 2024 40701: 116.5 564.6 314.3 488.3 96.6 45.3 56.8 65.0 55.0 55.0 23.0 96.5 95.2 99.2 100.1 98.9 100.2 0 0
20:56:34 April 11, 2024 40701: 114.4 593.4 314.3 488.3 102.0 48.1 56.8 65.0 55.0 55.0 23.0 93.3 101.1 124.5 100.1 98.9 100.2 0 0
20:56:36 April 11, 2024 40701: 126.6 633.4 314.3 488.3 97.6 45.7 48.7 65.0 55.0 55.0 23.0 109.9 92.8 100.5 100.1 98.9 100.2 0 0
20:56:37 April 11, 2024 40701: 126.6 633.4 314.3 488.3 97.6 54.1 48.7 65.0 55.0 55.0 23.0 106.9 92.3 112.1 100.1 98.9 100.2 0 0
20:56:38 April 11, 2024 40701: 128.8 566.1 314.3 488.3 96.3 50.8 48.7 65.0 55.0 55.0 23.0 99.4 107.5 99.8 100.1 98.9 100.2 0 0
20:56:39 April 11, 2024 40701: 128.8 566.1 314.3 488.3 96.3 47.8 54.7 65.0 55.0 55.0 23.0 91.0 93.9 105.0 100.1 98.9 100.2 0 0
20:56:40 April 11, 2024 40701: 118.3 614.5 300.7 489.3 96.4 53.6 54.7 65.0 55.0 55.0 23.0 109.7 99.6 104.9 100.1 98.9 100.2 0 0
20:56:41 April 11, 2024 40701: 118.3 614.5 300.7 489.3 96.4 54.0 54.7 65.0 55.0 55.0 23.0 106.8 90.6 112.3 100.1 98.9 100.2 0 0
20:56:42 April 11, 2024 40701: 123.1 637.0 300.7 489.3 104.1 54.2 48.3 65.0 55.0 55.0 23.0 105.8 92.8 112.9 100.1 98.9 100.2 0 0
20:56:43 April 11, 2024 40701: 123.1 637.0 300.7 489.3 104.1 54.8 48.3 65.0 55.0 55.0 23.0 107.4 101.5 100.5 100.1 98.9 100.2 0 0
20:56:44 April 11, 2024 40701: 114.1 633.4 300.7 489.3 102.4 46.6 48.3 65.0 55.0 55.0 23.0 96.1 91.7 116.9 100.1 98.9 100.2 0 0
13:49:06 April 13, 2024 40701: Device NOT CONNECTED!
20:56:34 April 11, 2024 40701: 114.4 593.4 314.3 488.3 102.0 48.1 56.8 65.0 55.0 55.0 23.0 93.3 101.1 124.5 100.1 98.9 100.2 0 0
20:56:36 April 11, 2024 40701: 126.6 633.4 314.3 488.3 97.6 45.7 48.7 65.0 55.0 55.0 23.0 109.9 92.8 100.5 100.1 98.9 100.2 0 0
20:56:37 April 11, 2024 40701: 126.6 633.4 314.3 488.3 97.6 54.1 48.7 65.0 55.0 55.0 23.0 106.9 92.3 112.1 100.1 98.9 100.2 0 0
20:56:38 April 11, 2024 40701: 128.8 566.1 314.3 488.3 96.3 50.8 48.7 65.0 55.0 55.0 23.0 99.4 107.5 99.8 100.1 98.9 100.2 0 0
20:56:39 April 11, 2024 40701: 128.8 566.1 314.3 488.3 96.3 47.8 54.7 65.0 55.0 55.0 23.0 91.0 93.9 105.0 100.1 98.9 100.2 0 0
20:56:40 April 11, 2024 40701: 118.3 614.5 300.7 489.3 96.4 53.6 54.7 65.0 55.0 55.0 23.0 109.7 99.6 104.9 100.1 98.9 100.2 0 0
20:56:41 April 11, 2024 40701: 118.3 614.5 300.7 489.3 96.4 54.0 54.7 65.0 55.0 55.0 23.0 106.8 90.6 112.3 100.1 98.9 100.2 0 0
20:56:42 April 11, 2024 40701: 123.1 637.0 300.7 489.3 104.1 54.2 48.3 65.0 55.0 55.0 23.0 105.8 92.8 112.9 100.1 98.9 100.2 0 0
20:56:43 April 11, 2024 40701: 123.1 637.0 300.7 489.3 104.1 54.8 48.3 65.0 55.0 55.0 23.0 107.4 101.5 100.5 100.1 98.9 100.2 0 0
20:56:44 April 11, 2024 40701: 114.1 633.4 300.7 489.3 102.4 46.6 48.3 65.0 55.0 55.0 23.0 96.1 91.7 116.9 100.1 98.9 100.2 0 0
13:49:06 April 13, 2024 40701: Device NOT CONNECTED!